
id1 <- c(2, 3, 4, 5, 7)
heights <- c(62, 65, 71, 71, 67)
d1 <- data.frame(id=id1, heights)

id2 <- c(1, 2, 6, 7, 8, 9, 10)
weights <- c(147, 113, 168, 135, 144, 173, 128)
d2 <- data.frame(id=id2, weights)

beta <- c(2.1, 6.21, 4.321, 5.4321)
SE <- c(5, 1.49, 11.13, 0.31)
t <- beta/SE




id1     <- c(2, 3, 4, 5, 7)
heights <- c(62, 65, 71, 71, 67)
d1      <- data.frame(id=id1, heights)

id2     <- c(1, 2, 6, 7, 8, 9, 10)
weights <- c(147, 113, 168, 135, 144, 173, 128)
d2      <- data.frame(id=id2, weights)

beta <- c(2.1, 6.21, 4.321, 5.4321)
SE   <- c(5, 1.49, 11.13, 0.31)
t    <- beta/SE

